1778507725.74346,6feff8a703cb7a38,1778507718.174464,1778507718.177886
1778512903.470522,a6e2b8adab8e6c8d,1778512889.144571,1778512889.147064
1778523776.623892,43ed18a3c69575ab,1778523774.919793,1778523774.922627
1778528129.046704,2b99406f9cd4d2c6,1778528127.868105,1778528127.870275
1778528130.549544,05a0671ee22877d4,1778528130.196655,1778528130.199792
1778593552.395395,9f06491a21fa365b,1778593543.775489,1778593543.778512
1778598880.522637,e17e4d41fc448b2e,1778598878.671812,1778598878.673843
1778601447.659737,c9ce724d5449cfc4,1778601440.838459,1778601440.841752
1778602873.097156,cad8211f91e0dc20,1778602859.068043,1778602859.075136
1778607461.407098,40d18de62f4d08a9,1778607448.987196,1778607448.990408
1778607461.483168,8cb9ffaaefe8d5b3,1778607450.832611,1778607450.837012
1778607786.612624,142ad2115599278d,1778607784.157305,1778607784.160037
1778607790.821624,8c10206507597f80,1778607790.125074,1778607790.127784
1778608187.049193,cf92a7645cc55150,1778608174.69243,1778608174.69808
1778608682.302441,2d1dd50b10906e68,1778608678.110179,1778608678.147909
1778767738.975346,,1778767722.945986,1778767722.949132
1778767874.729526,5d401ab8b71329b6,1778767873.861173,1778767873.864126
1778780801.351122,096e93982d179849,1778780799.273941,1778780799.276173
1778799255.444498,e55033895eda9577,1778799253.983531,1778799253.99014
1778800937.732522,acecedb101e9fc0f,1778800934.384647,1778800934.388371
1778856443.233522,a5738518f17b96cb,1778856441.922423,1778856441.926486
